2.0 1.122018e+12 1.570617e-01
2.0 1.412538e+12 1.497278e-01
2.0 1.778279e+12 1.422558e-01
2.0 2.238721e+12 1.347137e-01
2.0 2.818383e+12 1.281649e-01
2.0 3.548134e+12 1.219985e-01
2.0 4.466836e+12 1.174288e-01
2.0 5.623413e+12 1.148381e-01
2.0 7.079458e+12 1.123188e-01
2.0 8.912509e+12 1.116573e-01
2.0 1.122018e+13 1.124392e-01
2.0 1.412538e+13 1.139303e-01
2.0 1.778279e+13 1.160202e-01
2.0 2.238721e+13 1.191608e-01
2.0 2.818383e+13 1.221445e-01
2.0 3.548134e+13 1.250001e-01
2.0 4.466836e+13 1.284321e-01
2.0 5.623413e+13 1.314123e-01
2.0 7.079458e+13 1.320423e-01
2.0 8.912509e+13 1.339529e-01
2.0 1.122018e+14 1.386510e-01
2.0 1.412538e+14 1.359279e-01
2.0 1.778279e+14 1.398989e-01
2.0 2.238721e+14 nan
2.0 2.818383e+14 nan
2.0 3.548134e+14 nan
2.0 4.466836e+14 nan
2.0 5.623413e+14 nan
2.0 7.079458e+14 nan
2.0 8.912509e+14 nan
1.5 1.122018e+12 1.464946e-01
1.5 1.412538e+12 1.386013e-01
1.5 1.778279e+12 1.302883e-01
1.5 2.238721e+12 1.221845e-01
1.5 2.818383e+12 1.146936e-01
1.5 3.548134e+12 1.085229e-01
1.5 4.466836e+12 1.038101e-01
1.5 5.623413e+12 1.005623e-01
1.5 7.079458e+12 9.899476e-02
1.5 8.912509e+12 9.875572e-02
1.5 1.122018e+13 9.999527e-02
1.5 1.412538e+13 1.018102e-01
1.5 1.778279e+13 1.050423e-01
1.5 2.238721e+13 1.085229e-01
1.5 2.818383e+13 1.122432e-01
1.5 3.548134e+13 1.164111e-01
1.5 4.466836e+13 1.203953e-01
1.5 5.623413e+13 1.240189e-01
1.5 7.079458e+13 1.274966e-01
1.5 8.912509e+13 1.301071e-01
1.5 1.122018e+14 1.330284e-01
1.5 1.412538e+14 1.358009e-01
1.5 1.778279e+14 1.369523e-01
1.5 2.238721e+14 1.391966e-01
1.5 2.818383e+14 nan
1.5 3.548134e+14 1.384649e-01
1.5 4.466836e+14 nan
1.5 5.623413e+14 nan
1.5 7.079458e+14 nan
1.5 8.912509e+14 nan
1.0 1.122018e+12 1.337999e-01
1.0 1.412538e+12 1.255112e-01
1.0 1.778279e+12 1.165122e-01
1.0 2.238721e+12 1.078005e-01
1.0 2.818383e+12 9.994977e-02
1.0 3.548134e+12 9.390670e-02
1.0 4.466836e+12 8.886752e-02
1.0 5.623413e+12 8.594376e-02
1.0 7.079458e+12 8.434361e-02
1.0 8.912509e+12 8.438338e-02
1.0 1.122018e+13 8.597599e-02
1.0 1.412538e+13 8.850918e-02
1.0 1.778279e+13 9.197643e-02
1.0 2.238721e+13 9.628964e-02
1.0 2.818383e+13 1.010691e-01
1.0 3.548134e+13 1.060360e-01
1.0 4.466836e+13 1.111659e-01
1.0 5.623413e+13 1.156647e-01
1.0 7.079458e+13 1.202464e-01
1.0 8.912509e+13 1.250601e-01
1.0 1.122018e+14 1.281954e-01
1.0 1.412538e+14 1.316770e-01
1.0 1.778279e+14 1.353070e-01
1.0 2.238721e+14 1.360766e-01
1.0 2.818383e+14 1.392117e-01
1.0 3.548134e+14 1.403544e-01
1.0 4.466836e+14 1.435754e-01
1.0 5.623413e+14 1.433870e-01
1.0 7.079458e+14 nan
1.0 8.912509e+14 nan
0.5 1.122018e+12 1.189752e-01
0.5 1.412538e+12 1.107761e-01
0.5 1.778279e+12 1.014377e-01
0.5 2.238721e+12 9.265154e-02
0.5 2.818383e+12 8.481819e-02
0.5 3.548134e+12 7.876806e-02
0.5 4.466836e+12 7.445906e-02
0.5 5.623413e+12 7.161953e-02
0.5 7.079458e+12 7.039006e-02
0.5 8.912509e+12 7.068369e-02
0.5 1.122018e+13 7.196101e-02
0.5 1.412538e+13 7.482914e-02
0.5 1.778279e+13 7.878283e-02
0.5 2.238721e+13 8.373144e-02
0.5 2.818383e+13 8.915357e-02
0.5 3.548134e+13 9.490182e-02
0.5 4.466836e+13 1.010454e-01
0.5 5.623413e+13 1.069759e-01
0.5 7.079458e+13 1.123305e-01
0.5 8.912509e+13 1.174847e-01
0.5 1.122018e+14 1.224849e-01
0.5 1.412538e+14 1.263523e-01
0.5 1.778279e+14 1.305347e-01
0.5 2.238721e+14 1.337332e-01
0.5 2.818383e+14 1.376584e-01
0.5 3.548134e+14 1.388876e-01
0.5 4.466836e+14 1.411545e-01
0.5 5.623413e+14 1.441831e-01
0.5 7.079458e+14 1.453965e-01
0.5 8.912509e+14 1.470028e-01
0.0 1.122018e+12 1.022597e-01
0.0 1.412538e+12 9.436937e-02
0.0 1.778279e+12 8.570205e-02
0.0 2.238721e+12 7.730992e-02
0.0 2.818383e+12 7.048184e-02
0.0 3.548134e+12 6.539534e-02
0.0 4.466836e+12 6.219666e-02
0.0 5.623413e+12 6.025582e-02
0.0 7.079458e+12 5.949180e-02
0.0 8.912509e+12 5.954727e-02
0.0 1.122018e+13 6.098643e-02
0.0 1.412538e+13 6.335585e-02
0.0 1.778279e+13 6.707597e-02
0.0 2.238721e+13 7.183383e-02
0.0 2.818383e+13 7.776829e-02
0.0 3.548134e+13 8.407456e-02
0.0 4.466836e+13 9.109086e-02
0.0 5.623413e+13 9.844266e-02
0.0 7.079458e+13 1.051590e-01
0.0 8.912509e+13 1.110789e-01
0.0 1.122018e+14 1.167953e-01
0.0 1.412538e+14 1.223748e-01
0.0 1.778279e+14 1.265563e-01
0.0 2.238721e+14 1.304481e-01
0.0 2.818383e+14 1.342856e-01
0.0 3.548134e+14 1.366243e-01
0.0 4.466836e+14 1.389522e-01
0.0 5.623413e+14 1.411480e-01
0.0 7.079458e+14 1.426464e-01
0.0 8.912509e+14 1.446278e-01
